Entropia/cuvant: 10.4450543
Lungimea medie a cuvantului: 4.0067372
Entropia/caracter:  2.6068728
